00000000000000000000000000000000000000000000000000000000000000000000000000000000
00000000000000000000000000000000000000000000000000000000000000000000000000000000
00000000000000000000000000000000000000000000000000000000000000000000000000000000
00000000000000000000000111000000000000000000000000000000000000000001110000000000
00000000000000000000000000000000000000000000000000000000000000000000000000000000
00000000000000000000101000000000000000000000000000000000000000000000100010000000
00000000000000000000101000000000000000000000000000000000000000000000100010000000
00000000000000000000011100000000000000000000000000000000000000000000111000000000
00000000000000000000000000000000000000000000000000000000000000000000000000000000
00000000000000000000111000000000000000000000000000000000000000000001110000000000
00000000000000000000000000000000000000000000000000000000000000000000000000000000
00000000000000000000111000000000000000000000000000000000000000000001110000000000
00000000000000000000101000000000000000000000000000000000000000000000100010000000
00000000000000000000101000000000000000000000000000000000000000000000100010000000
00000000000000000000000111000000000000000000000000000000000000000000111000000000
00000000000000000000000000000000000000000000000000000000000000000000000000000000
00000000000000000000011100000000000000000000000000000000000000000000111000000000
00000000000000000000000000000000000000000000000000000000000000000000000000000000
00000000000000000000101000000000000000000000000000000000000000000000100010000000
00000000000000000000101000000000000000000000000000000000000000000000100010000000
00000000000000000000111000000000000000000000000000000000000000000000111000000000
00000000000000000000000000000000000000000000000000000000000000000000000000000000
00000000000000000000000000000000000000000000000000000000000000000000000000000000
00000000000000000000000000000000000000000000000000000000000000000000000000000000